9125SOOCN	05/16/18 16:46
Oxygen, 1.1850
Nitrate, 1,1.0000,0.3379,0.0000
Nitrate, 2,1.0000,-1.6955,0.0000
Nitrate, 3,1.0000,-0.2488,0.0000
Nitrate, 4,1.0000,-0.1230,0.0000
Nitrate, 34,1.0000,-0.2404,0.0000
Nitrate, 35,1.0000,2.5143,-20.4747
Nitrate, 38,1.0000,0.1960,-1.2688
Nitrate, 55,1.0000,0.1202,-0.8315
Nitrate, 97,1.0000,0.0079,-0.3497
Nitrate, 118,1.0000,-0.0363,0.0000
pH, offset, 0.0030
pH, 1,-0.1707,0.0000
pH, 2,-0.0963,0.5744
pH, 5,-0.0023,-0.1033
pH, 13,-0.0002,0.0000
pH, 14,0.0094,-0.0964
pH, 17,0.0040,-0.0320
pH, 32,-0.0063,-0.0853
pH, 35,0.0054,0.0000
CHL, 0.5, 0

PREVIOUS
9125SOOCN	01/03/18 10:45
Oxygen, 1.1850
Nitrate, 1,1.0000,0.3379,0.0000
Nitrate, 2,1.0000,-1.6955,0.0000
Nitrate, 3,1.0000,-0.2488,0.0000
Nitrate, 4,1.0000,-0.1230,0.0000
Nitrate, 34,1.0000,-0.2404,0.0000
Nitrate, 35,1.0000,2.5143,-20.4747
Nitrate, 38,1.0000,0.1960,-1.2688
Nitrate, 55,1.0000,0.0917,-0.7570
Nitrate, 105,1.0000,0.0908,0.0000
pH, offset, 0.0030
pH, 1,-0.1707,0.0000
pH, 2,-0.0963,0.5744
pH, 5,-0.0023,-0.1033
pH, 13,-0.0002,0.0000
pH, 14,0.0094,-0.0964
pH, 17,0.0040,-0.0320
pH, 32,-0.0063,-0.0853
pH, 35,0.0054,0.0000
CHL, 0.5, 0

PREVIOUS
9125SOOCN	08/16/17 09:45
Oxygen, 1.1850
Nitrate, 1,1.0000,0.3379,0.0000
Nitrate, 2,1.0000,-1.6955,0.0000
Nitrate, 3,1.0000,-0.2488,0.0000
Nitrate, 4,1.0000,-0.0434,0.0000
Nitrate, 35,1.0000,2.4684,0.0000
Nitrate, 36,1.0000,-1.2188,-10.7928
Nitrate, 38,1.0000,-0.0889,-0.8165
Nitrate, 86,1.0000,-0.0264,0.0000
pH, offset, 0.0030
pH, 1,-0.1707,0.0000
pH, 2,-0.0963,0.5744
pH, 5,-0.0023,-0.1033
pH, 13,-0.0002,0.0000
pH, 14,0.0094,-0.0964
pH, 17,0.0040,-0.0320
pH, 32,-0.0063,-0.0853
pH, 35,0.0054,0.0000
CHL, 0.5, 0

PREVIOUS
9125SOOCN	04/08/17 10:55
Oxygen, 1.185
Nitrate, 1,1.000,0.000,0.000
Nitrate, 2,1.000,-1.700,0.000
Nitrate, 3,1.000,-0.200,0.000
Nitrate, 4,1.000,-0.200,0.000
Nitrate, 35,1.000,2.600,0.000
Nitrate, 36,1.000,-1.200,0.000
Nitrate, 37,1.000,-0.500,-1.380
Nitrate, 49,1.000,0.000,0.000
pH, offset, 0.003
pH, 1,-0.165,0.000
pH, 2,-0.095,0.574
pH, 5,-0.002,-0.103
pH, 13,0.000,0.000
pH, 14,0.000,-0.098
pH, 17,0.000,0.000
pH, 18,0.013,-0.036
pH, 32,0.000,0.000
CHL, 0.5, 0
